0000000000000000000000000000000000000000000000000000
0000000000000000000000000000000000000000000000000000
0000000000000000000000000000000000000000000000000000
0000000000000000000000000000000000000000000000000000
0000000000000000000000000000000000000000000000000000
0000000000000000000000000000000000000000000000000000
0000000000000000000000000000000000000000000000000000
0000000000000000000000000000000000000000000000000000
0000000000000000000000000000000000000000000000000000
0000000000000000000000000000000000000000000000000000
0000000000000000000000000000000000000000000000000000
0000000000000000000000000000000000000000000000000000
0000000000000000000000000000000000000000000000000000
0000000000000000000000000000000000000000000000000000
0000000000000000000000000000000000000000000000000000
0000000000000000000000000000000000000000000000000000
0000000000000000000000000000000000000000000000000000
0000000000000000000000000000000000000000000000000000
0000000000000000000000000000000000000000000000000000
0000000000000000000000000000000000000110000000000000
0000000000000000000000000000000000000110000000000000
0000000000000000000000000000000000000110000000000000
0000000000000000000000000000000000000110000000000000
0000000000000000000000000000000000000110000000000000
0000000000000000000000000000000000000000000000000000
1100111100111000000110000000110001111111111000000111